<?xml version="1.0"?>
<opencv_storage>
<image_width>1440</image_width>
<image_height>1080</image_height>
<camera_matrix type_id="opencv-matrix">
  <rows>3</rows>
  <cols>3</cols>
  <dt>d</dt>
  <data>
    2.4298756979999998e+03 0. 7.2545273099999997e+02 0.
    2.4315417140000000e+03 5.8296919900000000e+02 0. 0. 1.</data></camera_matrix>
<distortion_coefficients type_id="opencv-matrix">
  <rows>1</rows>
  <cols>5</cols>
  <dt>d</dt>
  <data>
    -9.9307000000000006e-02 1.6021500000000000e-01
    2.6100000000000000e-04 1.9999999999999999e-06 1.3511899999999999e-01</data></distortion_coefficients>
<avg_reprojection_error>1.0960473322711779e-01</avg_reprojection_error>
<laser>-2.57607889e+00 -7.33710825e-02 -1. 5.09602020e+02 </laser>
</opencv_storage>
