<?xml version="1.0"?>
<opencv_storage>
<image_width>1440</image_width>
<image_height>1080</image_height>
<camera_matrix type_id="opencv-matrix">
  <rows>3</rows>
  <cols>3</cols>
  <dt>d</dt>
  <data>
    2.4404216469086159e+03 0. 7.0453530507037021e+02 0.
    2.4399889479990479e+03 5.8199478475427338e+02 0. 0. 1.</data></camera_matrix>
<distortion_coefficients type_id="opencv-matrix">
  <rows>5</rows>
  <cols>1</cols>
  <dt>d</dt>
  <data>
    -9.7300481439605999e-02 2.2916662129132671e-02
    6.5207176684378189e-04 -4.7118100391066041e-04
    8.9167146363382765e-01</data></distortion_coefficients>
<avg_reprojection_error>2.1732188575503242e-01</avg_reprojection_error>
</opencv_storage>
