<?xml version="1.0"?>
<opencv_storage>
<laser>
  2.07202387e+00 -6.82595596e-02 -1. 3.08570129e+02</laser>
</opencv_storage>
